type,n,N,cr,density,lin_regress,lin_regress_err,lin_regress_r2,opt_linregress,opt_linregress_err,opt_linregress_r2,hyper_fit,hyper_fit_err,hyper_fit_r2,sqrt_fit,sqrt_fit_err,sqrt_fit_r2,piece_fit,piece_fit_err,piece_fit_r2,shapiro
PDMS,8.0,50.0,0.01,860.1606475610972,,,,277.671234,3.99412277783124,0.990318559867752,272.68438636278944,6.550428869576903,0.9901327343235518,272.81773955147713,6.550428869576903,0.99013322719561,272.8175737454603,6.550428869576903,0.9901332271957712,252.4152620979933
PDMS,8.0,50.0,0.1,860.1606475610972,,,,275.79306,4.367320456086909,0.988640411746219,271.99518575439623,6.378121646398548,0.988785943836959,262.2197638980467,6.378121646398548,0.9896113486540854,272.003159886676,6.378121646398548,0.9887809948609636,179.4804516049803
PDMS,8.0,50.0,1.0,860.1606475610972,,,,249.906693,3.2701560435240813,0.991728875283082,247.7166309589406,6.668452051388851,0.9918099988143833,232.77824981672583,6.668452051388851,0.9927154146783642,247.3356650858144,6.668452051388851,0.9918074714759004,-118.70363183135709
PDMS,8.0,50.0,10.0,860.1606475610972,,,,294.869385,3.561847987777784,0.9965410550156816,334.9987934145312,7.565594376126087,0.9962834316539152,281.202739538504,7.565594376126087,0.9815448260196852,334.88940307357296,7.565594376126087,0.996282127017914,539.0860474080529
PDMS,8.0,100.0,0.001,860.4149683383085,,,,277.768951,2.704896031229273,0.9942351960438072,270.29701131129355,5.118965908324176,0.9942959972548352,265.5366833663835,5.118965908324176,0.9947797749000002,270.1732154235219,5.118965908324176,0.9942920451608864,243.548171572484
PDMS,8.0,100.0,0.01,860.4149683383085,,,,282.426544,2.920730270247298,0.9943485482107596,267.7314402859808,5.556256215168898,0.994356178427533,258.0164962134204,5.556256215168898,0.9948893875392212,267.921564597948,5.556256215168898,0.9943526025956784,254.1127490683245
PDMS,8.0,100.0,0.1,860.4149683383085,,,,288.766357,3.193595781695898,0.9935276519715556,282.62917826161646,6.289424139447541,0.9935859777471412,281.8049328684152,6.289424139447541,0.9938400358399542,282.60526545168455,6.289424139447541,0.9935825956816314,-41.8103819446204
PDMS,8.0,100.0,1.0,860.4149683383085,,,,303.718109,3.801403916295851,0.9962243132803664,280.6016131324579,7.231438467713086,0.9957024257345402,276.2420068404628,7.231438467713086,0.9957175208727264,280.6561986069713,7.231438467713086,0.9957021243767636,180.7995787110664
PDMS,8.0,100.0,10.0,860.4149683383085,,,,360.796631,9.7403952952531,0.9980097179655628,360.7132933390633,16.92138875718536,0.9980133150138814,367.88673905402766,16.92138875718536,0.9981116949060248,359.71995944431694,16.92138875718536,0.9980096745980964,632.2307521634683
PDMS,8.0,150.0,0.001,858.0432207711443,,,,260.293976,1.656657244814866,0.9965776350082648,258.6180336914671,5.417109003301608,0.9966026060943882,258.43481589810926,5.417109003301608,0.996687077711,258.6283828799879,5.417109003301608,0.9966003275790608,252.552226296448
PDMS,8.0,150.0,0.01,858.0432207711443,,,,264.044342,1.859104437556864,0.9964601237329772,261.25647025300054,4.999165494343489,0.9965163906580096,258.5137520375749,4.999165494343489,0.9968802408831252,261.2651158886937,4.999165494343489,0.9965104613776388,243.43190437616133
PDMS,8.0,150.0,0.1,858.0432207711443,,,,286.238342,2.689317931905515,0.9964500754031635,281.0337826919522,6.012579600751042,0.9964792078700118,279.76812865840367,6.012579600751042,0.9971312639380854,281.6575823331051,6.012579600751042,0.996473838527158,237.084770170147
PDMS,8.0,150.0,1.0,858.0432207711443,,,,272.448212,2.650567190230728,0.9971115717397956,270.6200137289199,6.620005754786883,0.997034704172052,267.77988915822766,6.620005754786883,0.9972326682346588,270.344129672922,6.620005754786883,0.9970320782437082,-691.4833685827017
PDMS,8.0,150.0,10.0,858.0432207711443,,,,362.314301,3.5678249942941327,0.998082657487623,359.5959129878864,7.177968770408048,0.9980850694146354,373.3595152348017,7.177968770408048,0.9982920678876116,359.86862069310723,7.177968770408048,0.998083301776539,617.101615018852
PDMS,8.0,200.0,0.001,858.6561005870647,,,,265.314117,1.7766429515563724,0.9969521319641652,264.9608628007611,4.983813911990905,0.9969798197846196,260.5844090641267,4.983813911990905,0.9973674434433892,265.0516796231052,4.983813911990905,0.9969739763599912,245.1948028959412
PDMS,8.0,200.0,0.01,858.6561005870647,,,,267.761475,2.005005644229315,0.9966971392301291,269.7985522322503,7.11397637180977,0.9967509648497086,264.4908150760006,7.11397637180977,0.997265766772826,269.80440250120444,7.11397637180977,0.9967479760558916,263.4167184520621
PDMS,8.0,200.0,0.1,858.6561005870647,,,,278.268799,7.571366134679564,0.9960556545169738,275.34847393250107,0.7689530931864755,0.9961422081791764,273.7510199934638,0.7689530931864755,0.997209363079934,278.58065435642595,0.7689530931864755,0.9961250793501484,283.5393569281162
PDMS,8.0,200.0,1.0,858.6561005870647,,,,275.622406,6.292414949269142,0.9975468772200294,275.90025005630366,25.029160498200188,0.9975571422227248,275.32003476052074,25.029160498200188,0.9985101777760192,279.7433520304861,25.029160498200188,0.9975444922957488,244.16180465651613
PDMS,8.0,200.0,10.0,858.6561005870647,,,,374.344757,14.018560554082717,0.9979595357296313,372.4712375264119,32.11019257613543,0.9979485486049302,389.1923917535135,32.11019257613543,0.9981027309840916,371.5527015858787,32.11019257613543,0.9979446442785196,482.2546169177844
PDMS,18.0,50.0,0.01,933.9342814064836,,,,305.585083,4.490148256965695,0.9896281305819344,297.0289102736809,5.620851605720146,0.9898569530814244,307.35879657562725,5.620851605720146,0.9914559343124124,297.2038081930337,5.620851605720146,0.989846374570876,284.2434386776829
PDMS,18.0,50.0,0.1,933.9342814064836,,,,275.687714,3.827853234235071,0.9912703677173508,268.7754376406557,4.980565621766091,0.99136736556486,290.3756917146599,4.980565621766091,0.99319563098124,268.80320672206017,4.980565621766091,0.9913637765492956,100.86980340447695
PDMS,18.0,50.0,1.0,933.9342814064836,,,,298.81665,3.2921969973581096,0.995554397917445,290.42434897329167,5.042059684464879,0.9952528902669054,290.8890208692028,5.042059684464879,0.9952789837630072,290.46798180406665,5.042059684464879,0.9952537152945956,273.4340296063479
PDMS,18.0,50.0,10.0,933.9342814064836,,,,321.268158,13.662064619404775,0.9958151914712892,399.9999999993513,7.297309176831283,0.9948496214324808,400.0,7.297309176831283,0.9948491677782804,399.9999996850004,7.297309176831283,0.9948491677751672,479.87680819079344
PDMS,18.0,100.0,0.001,934.8006570298506,,,,307.501923,3.192089527757684,0.9952616785764954,303.3835773291192,3.405069741527016,0.9953285330816124,306.36900856859273,3.405069741527016,0.9957442105982104,303.399846504135,3.405069741527016,0.9953223381948498,285.9994084430157
PDMS,18.0,100.0,0.01,934.8006570298506,,,,313.198883,3.237469425773927,0.995295376732295,309.535156869612,5.129500100352895,0.995303248017603,311.05248500877605,5.129500100352895,0.9957756636050958,309.6131543490058,5.129500100352895,0.9952993118397456,284.9974242233961
PDMS,18.0,100.0,0.1,934.8006570298506,,,,320.254608,12.86100330939984,0.995584304016048,316.2450240045299,4.446601186869955,0.9956466879482828,329.008415179733,4.446601186869955,0.9966191882753666,311.3720483785143,4.446601186869955,0.9956331299138927,287.35019421647087
PDMS,18.0,100.0,1.0,934.8006570298506,,,,289.725311,11.862522095663357,0.994379294303124,287.6630948131617,11.582096198435185,0.9942908562395356,291.0481184392985,11.582096198435185,0.996168764926495,287.5291770141843,11.582096198435185,0.9942888802109016,146.3373449725199
PDMS,18.0,100.0,10.0,934.8006570298506,,,,352.44693,15.929438740769545,0.9971217324214656,366.191619388672,15.081315817124525,0.9970635000311674,366.3350288903031,15.081315817124525,0.997062214382302,366.33394955670485,15.081315817124525,0.9970622143846792,526.5164436491251
PDMS,18.0,200.0,0.001,934.3323014975124,,,,318.971252,3.7107857161813262,0.9958608477154308,313.7649634932432,3.1112238108701,0.9958733604703212,303.2475546927862,3.1112238108701,0.9962102098011228,313.8143681747632,3.1112238108701,0.9958696304446504,300.8970959936953
PDMS,18.0,200.0,0.01,934.3323014975124,,,,296.673981,2.2920294840345368,0.996659902246394,293.9702908169048,3.230007487125929,0.9967207404091996,301.3503101714233,3.230007487125929,0.9978777524829054,294.20331453960046,3.230007487125929,0.9967117977968232,275.86632067988484
PDMS,18.0,200.0,0.1,934.3323014975124,,,,300.254547,8.371343311434034,0.9965773215892954,300.3251065816132,13.208729073679912,0.9965851109662184,332.4893216938151,13.208729073679912,0.9982827660947152,299.75684290080204,13.208729073679912,0.9965767862998464,269.7004119186791
PDMS,18.0,200.0,1.0,934.3323014975124,,,,278.607147,6.500942815006698,0.9977981509234376,277.28409471325284,4.663971572431003,0.9977765052756568,276.306606605136,4.663971572431003,0.998106163203045,277.0533951661197,4.663971572431003,0.9977733737497392,256.1400002882601
PDMS,18.0,200.0,10.0,934.3323014975124,,,,378.168579,15.543651059396076,0.998555327682816,380.354446252949,35.170863862083515,0.9985405806117608,393.5821080986553,35.170863862083515,0.9986574886927376,379.476220569264,35.170863862083515,0.9985359242554268,488.3592839460319
PDMS,28.0,50.0,0.01,963.59470678803,,,,306.078918,4.00379632189755,0.9933450158535893,300.4519439700104,6.09663551466973,0.9934077049008556,301.2349120539845,6.09663551466973,0.993628165622606,300.44050217824366,6.09663551466973,0.9934027837349072,281.0068213649278
PDMS,28.0,50.0,0.1,963.59470678803,,,,287.813263,4.580019171978019,0.9906643908960272,287.68323092010786,6.540716872310096,0.9907872980164129,341.1397469363956,6.540716872310096,0.9929243119483828,289.1734549792144,6.540716872310096,0.9907779242874534,76.23692153635625
PDMS,28.0,50.0,1.0,963.59470678803,,,,276.769714,3.365271557617485,0.9952817262865304,264.16174295194526,6.378652315674475,0.9952316137469012,262.75540807618347,6.378652315674475,0.9953219315922114,264.3350634578508,6.378652315674475,0.9952293922781767,-270.49008637526987
PDMS,28.0,50.0,10.0,963.59470678803,,,,398.681152,10.826604614706088,0.998874292354968,399.99999999835296,5.735719826695717,0.9988178543619696,400.0,5.735719826695717,0.99881833314769,400.0,5.735719826695717,0.9988183323350328,553.991627060159
PDMS,28.0,100.0,0.001,959.7030150646768,,,,322.56955,2.83574899558887,0.996661251343542,313.9982316227292,4.803463085380544,0.9966927860200674,315.3086027822246,4.803463085380544,0.9968008027603428,313.90167004389133,4.803463085380544,0.9966893909177108,301.07597904368646
PDMS,28.0,100.0,0.01,959.7030150646768,,,,303.879364,3.093695759241811,0.9951829757048164,307.56520305209887,4.04488034339096,0.9952584660285934,321.418900706686,4.04488034339096,0.9968390416252042,307.25111852201786,4.04488034339096,0.995249768959895,287.72270716168305
PDMS,28.0,100.0,0.1,959.7030150646768,,,,315.441376,12.771440089152124,0.9946021271797176,312.25340044582055,22.511398747360115,0.9947357740980988,399.9999999999986,22.511398747360115,0.9970313136127082,312.182302184245,22.511398747360115,0.994731567270916,318.39687452554665
PDMS,28.0,100.0,1.0,959.7030150646768,,,,287.407379,10.1701643009085,0.9966395737719764,284.9266428501326,12.661270934049751,0.9966473484837316,296.5832548659378,12.661270934049751,0.9977310016850516,298.7356549573067,12.661270934049751,0.9966146401455794,270.78651105853487
PDMS,28.0,100.0,10.0,959.7030150646768,,,,324.037384,24.76335182611428,0.9972849050342428,200.0000000016777,32.559386130237634,0.9932252800813962,282.6880833931137,32.559386130237634,0.9930229224519448,399.8978185524511,32.559386130237634,0.9965656456938587,557.9263361176237
PDMS,28.0,150.0,0.001,960.468528034826,,,,307.584961,2.509612419395222,0.9965101654955706,304.80285741975007,5.177886551203404,0.9965597146692412,314.48442741570153,5.177886551203404,0.9977502817503578,305.3411922610481,5.177886551203404,0.9965507628344856,304.28768361840247
PDMS,28.0,150.0,0.01,960.468528034826,,,,309.290863,2.791968799877994,0.9963953666165584,306.5814993058196,3.3900249154836346,0.9964523049107256,320.8416045913712,3.3900249154836346,0.9978975140088586,306.2658019854885,3.3900249154836346,0.9964428447874982,307.6584191490711
PDMS,28.0,150.0,0.1,960.468528034826,,,,306.128174,10.5200885212538,0.996277969536604,304.94204150116246,21.76277855589373,0.996320625156244,329.0123267312976,21.76277855589373,0.9977220736729638,304.21002792054105,21.76277855589373,0.9963142443514724,301.2741466261054
PDMS,28.0,150.0,1.0,960.468528034826,,,,292.827545,8.356657378312592,0.9978702291781532,292.3231699053511,6.145691412743875,0.9978691107208684,293.4624474929616,6.145691412743875,0.9982624406223932,292.0958882499684,6.145691412743875,0.9978674028202612,268.35425714342256
PDMS,28.0,150.0,10.0,960.468528034826,,,,309.733124,30.82427867850368,0.9972151116342984,200.00000002411085,33.71541118638086,0.9924887620361816,270.4654647138752,33.71541118638086,0.9922879620569104,392.7850282794796,33.71541118638086,0.9966757150395008,525.9024477027137
PDMS,28.0,200.0,0.001,962.4823150149252,,,,309.115906,2.1321314570347245,0.997474154183918,309.69609166141294,5.065824841420924,0.9974948060839096,314.1364463514864,5.065824841420924,0.9983339423542902,309.8010247163701,5.065824841420924,0.9974858801125844,294.00730643290944
PDMS,28.0,200.0,0.01,962.4823150149252,,,,316.379822,3.0315312807810666,0.996416979066843,311.8794261197324,4.014259817853175,0.9964740416992436,330.7842863836348,4.014259817853175,0.9981274403482282,311.3845644886137,4.014259817853175,0.9964637740679726,293.4814760191489
PDMS,28.0,200.0,0.1,962.4823150149252,,,,313.47052,7.311143774625387,0.997912308559656,310.42094628761424,16.441659469302863,0.997965137536164,317.9458634844745,16.441659469302863,0.9987313679980772,309.9514698776244,16.441659469302863,0.9979603123125016,295.21265656818395
PDMS,28.0,200.0,1.0,962.4823150149252,,,,285.476166,6.617907260743833,0.9983824049498716,279.5126394070604,6.149057661502962,0.9982780805073342,276.9226753376437,6.149057661502962,0.9985463928404876,280.3785212097336,6.149057661502962,0.9982741810066318,150.2917965388087
PDMS,28.0,200.0,10.0,962.4823150149252,,,,391.685089,18.198173811015337,0.998578930775694,392.3266489986286,29.611712767095,0.99859313097849,288.3779480323353,29.611712767095,0.9951583598431452,391.3244821079676,29.611712767095,0.9985911136176294,483.98088436174896
PDMS,38.0,100.0,0.001,974.4579452786072,,,,311.269775,2.476760175575641,0.996707296363201,307.9996207253062,4.974444926288099,0.9967383328403404,314.592788285137,4.974444926288099,0.9977154748833662,308.10532826835896,4.974444926288099,0.9967307871127064,301.70059135289864
PDMS,38.0,100.0,0.01,974.4579452786072,,,,315.330536,3.0495127391565555,0.996765222620214,315.91413127178095,4.707329147055011,0.9967933381558411,323.7936614784897,4.707329147055011,0.997263339385784,316.04047510092266,4.707329147055011,0.9967890642662264,310.9347724717533
PDMS,38.0,100.0,0.1,974.4579452786072,,,,325.182587,14.47852257504094,0.995532280698901,328.7513225674787,16.096678772416883,0.9955365517478624,373.6202032600016,16.096678772416883,0.9972167322497963,323.97045443107373,16.096678772416883,0.9955221713176884,265.5362811988517
PDMS,38.0,100.0,1.0,974.4579452786072,,,,272.840118,7.134140219887585,0.9978512141807524,273.40769465976217,7.532374287026016,0.997787902667014,273.9988965590348,7.532374287026016,0.9979054994803512,273.36003677304785,7.532374287026016,0.9977879309041032,-262.58391014089784
PDMS,38.0,100.0,10.0,974.4579452786072,,,,318.755341,22.56756630850652,0.99894723379094,397.7411239354819,28.06222703797324,0.998921824057865,400.0,28.06222703797324,0.9989605762664712,386.6056240766309,28.06222703797324,0.9988935207055012,567.144816474004
PDMS,38.0,150.0,0.001,976.4789000597016,,,,315.627808,2.169661723987812,0.9974358714665928,313.2869675643627,5.0158447475693375,0.9974550255121348,316.3295020868599,5.0158447475693375,0.9982094657584042,313.2981576731303,5.0158447475693375,0.9974465193125364,297.04500975755127
PDMS,38.0,150.0,0.01,976.4789000597016,,,,323.343231,2.804548170598757,0.997253966943518,318.0160004374546,5.372212560123974,0.9972730323323248,322.1092475944008,5.372212560123974,0.9978372101824876,318.0651815596982,5.372212560123974,0.9972654840023072,293.95788403865083
PDMS,38.0,150.0,0.1,976.4789000597016,,,,307.112518,8.698905365487514,0.997395208987699,302.5562356874386,7.6028272814938,0.9973749311635056,313.3946297438659,7.6028272814938,0.9982983741269772,301.89396141754474,7.6028272814938,0.9973672636862329,273.8463856710202
PDMS,38.0,150.0,1.0,976.4789000597016,,,,256.098694,7.314592419217706,0.9983472930054296,256.4801934303239,6.69196290062424,0.9983498796566423,236.3807388437376,6.69196290062424,0.9988605438986176,258.868799379557,6.69196290062424,0.9983453108974492,215.899085956579
PDMS,38.0,150.0,10.0,976.4789000597016,,,,403.615845,19.49165491492053,0.9992202942216772,399.9999999847834,3.028992445891776,0.9992097266107922,400.0,3.028992445891776,0.9992272211182576,399.999999999999,3.028992445891776,0.9992085080238796,566.2840689499718
PDMS,38.0,200.0,0.01,976.461412756219,,,,326.05545,2.6369439435384807,0.9978913639512323,324.93680158172015,4.42014891586298,0.9979226613770306,332.02064370976245,4.42014891586298,0.9983252459537216,324.84796962435644,4.42014891586298,0.9979173342442468,280.2713138152353
PDMS,38.0,200.0,0.1,976.461412756219,,,,306.391144,7.810488116741052,0.998061038498436,303.02823854632686,7.188212846477283,0.9981320348301844,318.20501687906216,7.188212846477283,0.9988822885643605,303.27127937078336,7.188212846477283,0.9981290988404816,276.5145057113715
PDMS,38.0,200.0,1.0,976.461412756219,,,,293.931152,9.205866334984677,0.9977389720005992,290.0114223320491,6.7142574148227725,0.9976824031614336,290.44639703023284,6.7142574148227725,0.998483466014959,289.653661268626,6.7142574148227725,0.9976801686239304,286.76019938449195
PDMS,38.0,200.0,10.0,976.461412756219,,,,400.051453,15.789414410499845,0.9983449092540037,399.016700287106,27.694764846670008,0.998353762213908,398.21503483344,27.694764846670008,0.998351578889696,398.2145707204785,27.694764846670008,0.9983515788901028,472.75514927617934
